xLength=1.0
yLength=1.0
iMax=50
jMax=50
tEnd=50
deltaT=0
tau=0.5
deltaVec=1.4
iterMax=600
eps=0.0001
omg=1.7
alpha=0.9
re=985.7
gx=0
gy=-0.09706
ui=0
vi=0
pi=0
pr=7
beta=0.00021
ti=10
bo=1
bu=1
bl=0
br=0
to=10
tu=10
tl=20
tr=5
qo=0
qu=0
ql=0
qr=0